f(x) = -141010.76080661372x^9+9374048.497592028x^8-2.755119893000976E8x^7+4.696487709006286E9x^6-5.113983746317271E10x^5+3.686127374280132E11x^4-1.757130998058556E12x^3+5.335270135146944E12x^2-9.349061043456627E12x^1+7.188845115455699E12
f(0.5) = 3.6500021954503315E12