x1 = -0.22432432432432414
x2 = 0.1824324324324324
x3 = 0.7094594594594594
x4 = -0.25810810810810797
