x4 = 1.0e
-1.0
x2 = 

2.0e

x1 = 


1.0e
+3.0
x3 = c
x5 = e
