x1 = 3.0000000000000004
x2 = 1.0000000000000002
x3 = 2.0
