x1 = -0.22432432432432428
x2 = 0.18243243243243246
x3 = 0.7094594594594592
x4 = -0.2581081081081079
