x1 = 3.0000000000000004
x2 = 0.9999999999999998
x3 = 2.0
